y
0
0
0
0
0
0
0
0
0
0
0
0
0
0
2
5
10
6
0
39
0
0
0
0
0
0
0
0
5
12
0
5
0
3
7
2
0
1
32
3
0
0
0
0
0
0
1
0
7
0
12
0
0
0
0
0
4
0
0
0
2
0
0
12
2
10
0
6
0
0
0
1
0
1
0
5
13
0
2
0
0
2
4
4
0
11
0
4
14
0
5
0
0
0
0
0
3
0
0
0
0
11
0
0
0
13
0
2
0
0
0
0
0
15
0
3
0
0
17
0
15
0
0
6
5
4
0
0
16
11
4
0
8
0
0
0
0
0
0
0
13
6
3
0
0
0
0
3
0
3
0
0
0
15
0
5
0
12
10
0
7
0
6
0
8
0
1
0
10
0
0
0
0
0
0
1
5
0
0
13
0
3
0
0
14
0
0
0
0
5
33
2
1
0
30
0
0
0
0
10
0
0
0
0
12
0
0
0
11
9
4
4
0
0
0
0
15
0
0
3
0
4
0
10
2
0
0
18
0
0
0
4
0
14
18
9
0
0
0
0
3
0
0
0
0
9
0
0
0
2
0
7
1
0
0
0
6
0
0
5
0
1
0
7
0
0
0
0
6
0
19
7
0
22
0
0
0
0
0
0
10
2
6
6
0
19
0
13
0
1
0
0
0
1
0
0
0
0
0
0
15
21
0
0
22
0
7
0
0
0
0
2
13
2
5
4
8
0
0
9
0
23
0
0
2
0
5
4
0
5
5
0
10
5
0
0
4
0
0
0
10
0
4
0
0
0
0
0
0
4
6
0
0
0
0
0
0
0
1
1
10
5
0
0
0
5
0
0
0
0
0
0
0
2
3
0
3
0
0
0
13
0
0
0
0
2
1
3
0
0
10
0
3
5
3
0
0
4
3
0
0
0
1
1
1
0
0
0
0
0
0
0
2
0
0
2
0
0
0
0
0
17
2
16
10
0
1
0
7
0
12
0
0
1
2
0
0
0
3
0
0
1
0
0
0
0
0
8
0
0
3
2
0
19
4
1
2
0
0
0
0
1
7
0
8
0
0
0
0
4
0
0
0
0
0
10
0
2
0
16
0
0
8
3
0
0
26
0
0
0
0
0
0
0
0
0
0
0
0
0
2
0
20
0
0
0
0
0
0
6
0
0
0
1
0
0
2
2
0
3
0
0
0
0
16
7
4
0
0
0
1
5
0
13
4
0
2
0
5
18
0
0
0
0
0
0
0
13
0
9
0
0
9
0
0
3
4
0
0
1
0
0
0
3
6
1
7
0
15
0
0
0
10
0
0
0
0
10
2
4
10
1
0
7
0
4
1
14
60
0
0
0
3
6
2
0
9
0
0
0
7
9
0
7
0
0
0
4
0
11
13
0
7
0
0
0
7
14
13
0
0
0
0
0
0
0
0
2
0
2
3
0
0
0
0
0
0
0
0
0
6
0
4
0
0
2
2
1
9
0
0
0
2
0
0
3
0
0
0
0
0
0
0
3
44
0
13
2
0
15
0
0
0
4
0
0
7
11
0
0
1
0
3
0
0
3
0
0
0
0
1
8
1
0
0
2
3
14
0
4
0
3
4
0
0
3
34
3
0
6
12
11
0
1
0
20
0
0
0
0
0
0
0
0
2
2
0
0
0
2
0
0
0
0
0
0
0
1
3
3
2
18
0
2
0
0
0
11
0
0
6
0
0
0
0
0
0
8
0
0
7
0
0
0
6
7
0
6
0
0
0
9
0
0
9
0
0
0
0
0
0
0
0
14
0
0
0
0
0
2
0
0
0
4
0
9
0
13
3
0
0
4
9
3
0
12
0
5
0
0
8
6
0
6
3
0
0
6
10
0
0
2
0
0
5
1
0
0
2
2
13
0
0
6
18
0
9
0
0
2
3
2
7
0
0
0
10
0
0
0
1
16
9
5
5
0
0
0
17
1
2
0
0
0
4
5
0
5
2
4
5
0
13
0
7
0
0
0
0
0
0
3
0
0
17
5
0
0
5
0
0
3
0
0
0
10
0
22
0
0
0
3
0
0
0
0
0
0
31
0
1
10
0
1
12
0
